# Dummy secret key

PUBLIC_KEY= "HKxEZpP1Amj3Hi7Tz4gBG3QtJSoMX2QawWLLDRSwAZKr"
SECRET_KEY= "[
   82,  81, 241, 124,  68, 233,  46, 162,  66, 152, 202,
  209, 135,  64,  12, 120, 236,  16, 232, 239, 172, 182,
  201, 200, 247,  48, 180, 253, 192,  48, 234, 230, 242,
  149, 230,   7,  48,  66,  45,  32, 239,  41, 232,  38,
   60, 114, 141,   8, 232, 104, 155,  70, 189,  13, 133,
  124, 183, 106,  53, 245, 248, 119, 123,  45
]"
# Solana Address: 6YtF43yAZYRHw7ozfML33iYN49VQPWHsFS1XB8uWQMQJ
PRIVATE_KEY=[178,62,242,253,64,187,73,217,67,144,29,148,46,166,149,10,158,78,245,174,14,12,80,19,78,72,116,74,186,240,177,117,82,117,97,42,64,46,245,100,227,125,161,122,83,55,205,214,122,16,204,166,16,77,180,80,17,4,92,204,61,150,43,191]